filepath: ./src/main/resources/GTA.polar
spawnPoint:
  x: -2.5046538593721297
  y: -4.0
  z: 46.40996204664742
  yaw: -179.54959
  pitch: -1.3498708
