filepath: ./src/main/resources/lobby.polar
spawnPoint:
  x: 6.130498737462241
  y: 4.629151070982609
  z: 0.016670646800764674
  yaw: 1.5000002
  pitch: 3.6000843
